4243767290,0
4294967294,1436
4294967294,1425
4294967294,1429
4294967294,991
4294967279,319
4294967278,309
4294967278,399
4294967279,471
4294967278,395
4294967279,318
4294967278,248
4294967279,317
4294967278,446
4294967278,401
4294967279,565
4294967279,300
4294967279,469
4294967278,308
4294967279,316
4294967278,306
4294967279,468
4294967279,451
4294967279,181
4294967294,61
4294967278,292
4294967279,491
4294967278,387
4294967278,432
4294967279,315
4294967278,442
4294967294,69
4294967279,314
4294967279,450
4294967294,50
4294967294,96
4294967294,94
4294967279,501
4294967294,8
4294967294,113
4294967294,31
4294967278,419
4294967294,482
4294967279,449
4294967279,569
4294967294,981
4294967294,986
4294967294,481
4294967279,161
4294967279,537
4294967278,157
4294967278,359
4294967278,358
4294967278,153
4294967278,396
4294967279,281
4294967279,150
4294967279,495
4294967279,149
4294967279,494
4294967279,148
4294967278,142
4294967279,137
4294967278,136
4294967278,134
4294967278,133
4294967294,452
4294967294,457
4294967278,272
4294967278,271
4294967278,411
4294967279,272
4294967279,271
4294967294,977
4294967279,269
4294967279,301
4294967294,119
4294967279,299
0,7
4294967279,267
4294967278,353
4294967278,406
4294967279,448
4294967279,298
4294967278,405
4294967278,270
4294967278,295
4294967294,480
4294967278,372
4294967278,331
4294967279,532
4294967279,296
4294967294,417
4294967279,509
4294967279,530
4294967279,138
4294967279,475
4294967279,136
4294967294,1435
4294967278,9
4294967278,258
4294967278,235
4294967279,567
4294967279,288
4294967279,245
4294967279,243
4294967279,134
4294967278,238
4294967278,305
4294967278,236
4294967278,234
4294967278,304
4294967279,233
4294967294,396
4294967278,230
4294967279,231
4294967278,389
4294967294,479
4294967278,445
4294967278,303
4294967278,397
4294967278,216
4294967279,312
4294967279,215
4294967294,412
4294967279,506
4294967279,313
4294967279,214
4294967279,213
4294967278,210
4294967279,211
4294967279,255
4294967278,422
4294967278,205
4294967294,463
4294967278,424
4294967278,439
4294967279,202
4294967279,510
4294967279,311
4294967278,196
4294967278,302
4294967294,1153
4294967294,458
4294967294,392
4294967279,197
4294967278,195
4294967279,250
4294967279,285
4294967278,193
4294967279,192
4294967279,481
4294967294,478
4294967279,470
4294967278,186
4294967278,443
4294967294,459
4294967294,112
4294967278,185
4294967278,301
4294967278,184
4294967278,351
4294967294,988
4294967294,1025
4294967294,161
4294967279,183
4294967279,182
4294967279,464
4294967279,310
4294967294,477
4294967279,467
4294967279,520
4294967294,413
4294967279,466
4294967278,392
4294967294,989
4294967278,174
4294967278,385
4294967279,499
4294967278,418
4294967278,321
4294967278,160
4294967278,246
4294967278,159
4294967278,158
4294967278,430
4294967279,309
4294967279,156
4294967294,450
4294967294,404
4294967279,461
4294967279,154
4294967278,217
4294967278,254
4294967278,42
4294967278,41
4294967278,40
4294967278,39
4294967278,38
4294967278,37
4294967278,36
4294967278,35
4294967278,34
4294967278,33
4294967278,32
4294967278,31
4294967278,30
4294967278,29
4294967278,28
4294967278,27
4294967278,26
4294967278,25
4294967278,24
4294967278,23
4294967278,22
4294967278,21
4294967278,20
4294967278,19
4294967278,18
4294967278,17
4294967278,16
4294967278,15
4294967278,14
4294967279,88
4294967294,980
4294967294,990
4294967278,149
4294967278,242
4294967278,325
4294967278,148
4294967278,324
4294967278,147
4294967278,146
4294967278,398
4294967294,418
4294967294,465
4294967279,533
4294967279,488
4294967279,143
4294967279,486
4294967278,307
4294967279,485
4294967279,484
4294967278,300
4294967278,369
4294967278,368
4294967294,985
4294967294,1027
4294967294,180
4294967294,190
4294967294,163
4294967278,299
4294967278,393
4294967279,460
4294967279,534
4294967279,260
4294967279,527
4294967279,483
4294967279,482
4294967278,408
4294967279,268
4294967278,266
4294967294,168
4294967294,468
4294967294,398
4294967294,455
4294967294,1028
4294967278,261
4294967294,110
4294967294,451
4294967294,108
4294967294,464
4294967279,308
4294967279,459
4294967279,276
4294967278,329
4294967279,531
4294967294,176
4294967294,170
4294967294,162
4294967294,166
4294967294,426
4294967294,403
4294967294,420
4294967278,256
4294967278,298
4294967294,1424
4294967294,476
4294967294,421
4294967294,1022
4294967294,179
4294967294,408
4294967294,407
4294967294,1021
4294967294,402
4294967294,448
4294967294,405
4294967279,249
4294967279,247
4294967278,260
4294967278,55
4294967278,54
4294967278,53
4294967278,52
4294967278,51
4294967278,50
4294967278,49
4294967278,48
4294967278,47
4294967278,46
4294967278,45
4294967278,44
4294967278,43
4294967279,538
4294967279,68
4294967279,67
4294967279,64
4294967279,63
4294967279,61
4294967279,60
4294967279,59
4294967279,58
4294967279,55
4294967279,53
4294967279,51
4294967279,50
4294967279,49
4294967279,48
4294967279,47
4294967279,46
4294967279,45
4294967279,43
4294967279,41
4294967279,40
4294967279,39
4294967279,38
4294967279,37
4294967279,35
4294967279,33
4294967279,31
4294967279,29
4294967279,27
4294967279,26
4294967279,25
4294967279,23
4294967279,21
4294967279,20
4294967279,17
4294967279,16
4294967279,15
4294967279,14
4294967279,13
4294967279,12
4294967279,11
4294967279,10
4294967278,346
4294967278,403
4294967294,423
4294967294,595
4294967294,399
4294967294,409
4294967294,460
4294967294,164
4294967294,415
4294967294,175
4294967278,297
4294967294,1154
4294967294,1029
4294967294,1031
4294967278,427
4294967279,566
4294967279,229
4294967279,263
4294967279,227
4294967294,126
4294967294,127
4294967294,18
4294967294,384
4294967294,165
4294967294,411
4294967294,467
4294967294,160
4294967294,410
4294967294,188
4294967278,296
4294967294,89
4294967294,984
4294967294,395
4294967294,390
4294967294,115
4294967279,0
4294967279,258
4294967294,387
4294967279,212
4294967294,7
4294967294,107
4294967294,394
4294967294,114
4294967294,120
4294967294,99
4294967294,76
4294967294,442
4294967294,427
4294967294,1430
4294967294,397
